343801
435582
980164
367206
935865
273731
180781
169837
154811
230837
818396
335112
305439
431117
84744
848854
318030
664036
41495
972254
496439
978406
130072
629477
91468
296271
917891
585609
246908
251044
396252
910154
516362
354263
797110
675479
280022
169099
103341
295066
5386
594358
884095
801398
33736
227624
442085
834245
51242
268464
216333
818958
429678
128455
612645
397493
189835
95185
567954
308856
306622
977848
943435
736329
925360
411561
786966
904787
104350
482277
567919
562433
940260
407910
354791
858077
8971
953595
771823
309959
385965
143807
532269
969845
656960
382065
617069
475480
954725
249353
317060
255324
603884
244100
296658
545986
599967
299284
457238
471994