343801
435582
980164
367206
935865
273731
180781
169837
154811
230837
818396
335112
305439
431117
84744
848854
318030
664036
41495
972254
496439
978406
130072
629477
91468
296271
917891
585609
246908
251044
396252
910154
516362
354263
797110
675479
280022
169099
103341
295066
5386
594358
884095
801398
33736
227624
442085
834245
51242
268464
216333
818958
429678
128455
612645
397493
189835
95185
567954
308856
306622
977848
943435
736329
925360
411561
786966
904787
104350
482277
567919
562433
940260
407910
354791
858077
8971
953595
771823
309959
385965
143807
532269
969845
656960
382065
617069
475480
954725
249353
317060
255324
603884
244100
296658
545986
599967
299284
457238
471994
300633
828247
628494
780219
161446
480527
201729
860620
741476
978037
928472
153971
497916
538961
607242
301568
631538
615960
354754
839898
808984
745107
395487
117090
485186
804925
337490
258988
266047
920629
24093
290735
452403
676440
285789
361334
504527
993763
282992
758578
473955
641519
571802
26206
972206
254842
132997
886164
346739
434989
537649
451370
62371
345999
17304
295092
335329
503385
363269
733417
530575
368807
590465
473751
692067
303200
228609
147073
756116
18094
548550
839007
224711
598497
61522
229980
913689
652680
294813
77880
68427
227216
395879
74497
849843
837683
189431
862459
689078
399543
798293
878826
373103
847949
466175
757922
167282
956979
815168
174934
815085
129892
887797
284083
138350
665729
100034
622973
621008
951596
784134
583754
707088
314575
784925
636958
892757
464064
266585
209322
665694
991373
104943
363054
127242
154786
36900
121860
640816
209028
983887
164799
294502
327075
298351
964261
146417
866782
113252
842844
110849
735075
724705
938881
23964
107412
610183
721868
259464
162428
99706
999667
309834
77378
614384
360726
48378
885803
861956
586635
348659
430950
141485
884532
585134
177575
331137
923812
123948
105856
725843
141992
406756
476415
623924
903885
607022
51631
338671
309974
375532
316574
603189
927899
935601
633675
105596
302926
600622
753694
899523
819184
508914
287766
586983
250393
428707
725249
518657
17989
996088
108504
88301
716527
460609
767812
590750
743450
301056
38072
820820
172000
65602
419030
28727
252025
52304
669233
559237
735376
334697
345264
661812
849290
812741
200716
823500
716796
790599
663252
504545
358122
153937
110236
901544
643780
387186
493562
842655
927175
547941
401562
985731
987408
406774
231652
447736
304480
230583
628136
589088
586422
994957
119120
881491
899152
645580
935019
92194
674155
804064
558585
268074
304805
782055
87099
664031
660691
717068
475265
307492
530857
730185
751700
97115
782351
489313
257748
760294
114487
733881
817465
947674
394020
493618
662620
284571
661589
220372
297975
960162
10255
655060
217741
761056
202536
666886
794194
525952
209636
504749
648592
630221
296546
839319
623999
167472
794377
413047
528828
94225
521396
566503
300398
232755
900297
181371
290587
813939
238546
831213
448172
116293
118430
718606
541703
974843
623501
234692
493705
540699
301319
149900
609106
604916
523849
454721
540725
369916
753016
453800
933459
390952
991845
511525
646530
187024
109856
285997
456174
420849
699022
300773
269301
789055
73183
159619
186840
672953
752614
118595
682374
937098
427560
852527
536089
208706
956757
634289
847864
30940
46214
263318
137631
319229
379698
894356
451987
279807
892288
632655
859461
592967
60415
97748
253879
791632
34100
172430
712417
116658
500063
743617
261324
836812
245056
854216
2495
578247
476597
365590
575549
266065
507236
10716
776780
316440
322536
789897
53179
113288
356917
915776
769777
979506
764194
47925
619754
372482
402303
419437
716091
511878
753390
188369
694668
973063
188297
952186
311078
251425
149690
528005
971038
180468
27617
868220
685750
609597
302836
567141
491932
28606
513316
262342
535597
845555
327244
551562
282956
866662
603190
814518
684687
837143
47144
255824
106523
404196
449967
45433
806712
427715
650238
901668
126572
234752
247505
961531
793498
662167
232039
22972
665514
89161
577078
594703
153089
413533
112256
330562
846281
156501
98157
873862
297868
67970
101296
119892
232446
199397
489703
62222
502428
302077
731856
687396
430680
649675
566463
50103
633221
600147
101395
705767
443443
783598
583564
933583
602292
933294
225596
664839
869652
2730
675430
524918
263047
367269
634935
684145
374374
117414
891999
130614
801036
429784
88035
459732
385863
666640
548256
259816
631884
789926
803210
29198
770434
267139
441048
776852
415297
445366
723143
766110
109757
325166
274270
839976
41453
291379
697939
238385
935574
207837
341300
341469
522757
195175
701304
645527
129457
615647
650767
393127
601685
994121
415200
728843
859468
989343
421728
686523
215026
941572
86801
80773
183675
529641
760377
392268
534759
297062
570749
544055
351913
688388
335676
899722
244845
241249
860454
576071
458694
648552
558593
857214
821194
990140
848521
286300
289483
904178
607365
474500
394008
946030
461464
317678
172458
489463
984363
493450
85681
964793
594108
788311
12023
781848
945229
211684
739225
322781
88095
8840
639198
9339
460844
211457
425305
954085
853189
18640
82374
403979
691662
753676
781622
372496
800061
39884
671179
561896
149125
574311
439408
218391
13870
182504
228483
628060
869759
107582
372555
137632
574546
719768
351358
400782
767261
127647
47284
825218
385247
712648
621513
194764
106448
643154
299227
115334
827587
312192
408714
274946
826518
978339
392225
180165
712728
828309
497407
715887
143345
979246
240997
959925
519280
165674
226764
299005
250177
226665
412858
556272
56468
301468
743078
750897
754506
299851
703624
563801
604821
908252
184429
580674
750485
477500
170527
135183
778675
698428
222272
516017
25479
675862
323782
613155
175945
829034
60774
452514
301641
641064
459539
293084
650720
844808
793162
887622
999764
715251
730973
217838
473205
847583
973094
468274
919039
692921
714515
555610
385105
421486
208604
175121
75815
118736
966419
337004
153339
22560
372063
783144
446998
393166
801587
85473
178158
359621
733019
872260
489731
347354
687729
661368
215146
339797
377740
341131
996759
345150
191071
582585
212548
164519
118164
966775
711527
280694
904706
347433
9433
642020
773440
414407
966836
461706
104683
763876
409301
919704
432560
437124
855344
886182
80758
358082
241269
223900
862470
973890
309222
921752
750187
576228
171178
202587
365973
864357
263612
193210
448103
508418
131026
920631
236589
865069
740261
109263
508885
696812
120769
703489
983851
166605
113164
313276
561840
42737
655957
763393
624936
658883
706051
39945
273061
404098
700971
63743
874631
351590
593632
858506
657452
685896
144504
934063
566750
681238
126734
581535
445532
682129
949143
601576
805530
980177
269938
919988
459980
488561
364982
724993
537862
734610
315179
719952
394074
481211
633970
511762
328902
864365
229279
406601
680928
683838
38128
882735
879719
821072
142391
16754
246363
61865
650108
26566
689911
423605
562586
437091
700216
893987
192523
91317
530184
65217
475067
808479
410490
351686
371829
125960
479400
156960
889679
502993
941665
805692
669038
34194
845366
410589
676239
277124
741728
538884
522914
403212
327487
343286
71429
603912
299484
378019
909059
641511
86045
668712
176661
44658
442830
357382
107030
292950
493904
985661
134444
942278
281208
849648
772275
282386
97837
62501
855477
923591
868358
555181
308576
70749
534629
232253
294187
183259
121240
200777
833540
514166
422040
851461
52421
232823
97852
122312
38122
29846
5668
552162
953495
833598
201854
491468
851693
937546
229193
71706
944601
45271
298428
106797
928614
294701
828925
321997
812636
322697
83490
631919
59340
779168
675866
285121
703300
193151
627
571341
974773
471214
724095
823886
412667
613973
405717
707235
354477
814649
390893
702551
261416
948711
967447
923875
767454
146345
759607
820536
149109
265006
414238
619514
107770
308946
35432
658602
625601
438785
654047
834861
649332
122985
926296
942296
912086
730949
416352
996972
435254
546811
300983
422010
525147
396744
165983
738813
481154
863060
966786
622284
232317
825933
525996
603448
944241
6294
115576
719394
475676
84601
592128
689530
746094
538270
962887
179253
393252
862095
525999
948644
720018
764386
601597
957208
431322
679925
591921
452183
17707
752708
18781
945265
675133
220692
224260
37493
940735
199632
818645
865868
95932
472410
897586
303362
540111
246593
150984
399244
988341
7817
454552
482744
919589
253704
291871
711693
736091
89241
474132
871656
122555
943345
255668
188714
826982
346556
139775
21610
787116
719635
344218
819456
697488
298555
778115
97321
999233
455255
713138
611011
677828
954319
282861
674026
237451
7046
447975
882906
446852
80442
547364
411059
814488
744975
558336
623685
605723
217212
207388
272855
588627
248759
323579
621010
184760
168426
63467
286013
332482
590576
580468
359304
915429
621824
254668
552708
533054
52581
255439
300560
113257
543006
622953
773427
868488
753614
979149
988559
401773
43484
769782
833783
705112
8048
519458
565512
196685
843990
568254
330027
718018
706141
121117
957508
454285
60962
852441
97627
504758
648815
767819
123352
612970
202218
65617
226876
874955
887849
8078
867062
362004
491947
199062
290907
52011
702136
722527
585417
104
765839
462368
997999
609624
734534
840823
777018
878394
267853
426242
884835
132803
7372
933111
405292
854818
880700
124319
495050
708311
328335
796707
245375
224407
339471
712899
936196
289200
499763
827392
631714
652552
705390
656508
394310
297515
415246
796875
774511
937644
25459
599864
931536
68022
438173
60445
122817
11545
182114
805340
1054
487358
843628
106147
932508
532925
677861
389656
849978
256081
303879
993512
357420
219560
523891
105157
295155
357219
878598
593161
285214
858289
695186
243937
430332
189556
120778
958932
514171
953074
17193
288328
860546
291105
723042
689263
587283
109942
855078
317075
479496
68561
99884
435242
552424
331632
377745
1934
917966
60212
620264
376257
562
927707
525743
153265
138519
756844
843809
576981
95070
382329
253169
157077
857277
468054
89597
59251
97854
363388
384454
949679
434374
759166
126082
153918
68733
508905
150951
242466
824276
650280
237086
932169
783142
396352
133864
24272
747312
126847
276302
615723
348890
879122
520111
650278
517474
103627
400501
265850
344565
291592
18570
312261
950919
573331
883059
181613
100129
136313
891558
59461
336420
82237
947405
681963
513194
551404
247275
614289
753907
722948
719219
238746
870215
59797
675819
336111
135616
572867
944360
98029
561049
150334
920694
949522
928016
100081
711758
884872
923845
53065
579837
872904
711268
719968
920109
118856
34524
806355
495891
494800
855882
966260
957650
227154
960845
222724
459842
398890
707210
4131
757554
247529
43833
611569
233250
883839
340335
328350
884005
362406
500086
620308
100867
308581
887850
280425
870028
237922
348983
993412
825009
290295
632065
745704
605592
671143
479847
23955
475284
799678
944485
384296
724431
153859
744973
602097
343850
49425
480809
222415
355638
594274
194423
150479
48890
147605
524792
204584
381525
931695
919516
959032
629683
500675
536368
528546
630236
804011
564839
849189
222769
394093
297896
40820
767496
296629
582928
659140
607142
771601
836197
441863
839673
162545
824303
973982
317880
563569
716533
842069
310520
414512
445320
517389
379373
487796
263205
640693
616751
925068
883346
479347
40650
893080
594026
795582
628971
577480
258318
5501
718920
716847
717181
765569
791499
372169
765458
236731
550477
379294
578692
748548
803990
509471
860513
48306
687712
659670
57632
670414
965378
268848
38144
164384
925525
297846
185247
550467
830465
653518
183488
955344
696096
111202
302976
92278
459067
976537
762116
354829
426638
281530
559320
788531
514453
335613
286522
301644
641916
397989
174757
9663
822197
104607
233804
932353
759945
837663
854654
171144
153293
503368
754467
163227
30072
16577
433649
40436
938699
328712
990020
170531
989480
242904
877909
958998
93386
437316
982013
71574
15347
348674
951
467507
143979
742678
853691
144114
408455
965147
342201
732602
529543
31900
535862
391538
806315
897973
545721
60483
319779
93824
406876
621174
99816
786664
310260
490221
899614
244381
907221
218161
329670
295135
851977
653738
200070
455244
455709
985595
758267
236557
47935
928466
391190
138964
843188
123079
815402
710332
695004
723970
205045
703102
539138
636021
972689
244466
260354
866657
2667
175632
318912
869328
110680
455105
883595
755362
839125
741188
170190
946083
250105
683317
969029
271039
908207
301560
225626
625386
790590
465844
290444
554528
866827
470708
628662
636013
536722
334513
523766
407908
767726
873729
354968
709100
117357
857151
621097
637754
731150
351151
606249
993483
511871
275849
624745
278299
461275
478077
787095
565689
229078
217703
607288
153718
362228
724941
893979
132294
254653
56456
695531
867087
109493
845865
701163
838360
590066
310692
726148
840706
271436
245405
239044
51634
183552
5523
347421
642260
704571
291574
640253
827391
646522
714735
138155
742390
140509
453145
604577
226279
503735
248303
333785
789010
600556
302422
117332
318395
533738
162554
232316
637318
337255
601450
692502
141532
477475
800647
508910
456713
499882
480329
426908
352622
23388
386497
113
298975
925315
473650
623099
707783
662935
743645
953175
248659
308632
636014
898704
730376
63238
836613
553521
257531
357722
523037
949841
621004
191523
939372
509171
725014
614957
342627
49576
82676
972546
768818
604143
86984
91950
591818
52850
642169
528798
180197
712551
938376
873181
110190
751585
474444
723199
582996
684164
312040
176017
976970
761239
693813
848290
816391
577350
852071
206362
906071
224082
955978
381744
30635
281344
327909
5555
830342
819036
989763
779811
921688
218569
276983
869219
608052
750445
755605
65864
832358
59805
836056
33507
745266
400636
398137
618023
226806
263363
679091
465492
393063
515673
631451
405830
2262
247257
566479
920799
831346
774528
473645
884925
523832
529643
312322
817076
584565
359472
193360
923367
766889
828496
129117
381926
88199
581915
256264
561599
261916
932648
942837
839356
940208
501956
933886
201520
153163
461165
241728
346520
763947
292753
630092
60696
458393
430305
576096
472475
919387
993491
469319
669101
253941
491843
8584
243873
692569
669553
38353
31332
862906
476264
762387
232116
134151
995739
982907
992343
664887
7011
739815
833912
982721
177786
297932
35917
770882
522003
727773
169287
831156
641705
825272
381074
845047
471960
596573
297409
881584
786907
557532
640623
165219
825359
23870
74057
369605
356431
861243
664405
688847
703903
122537
335445
538837
34520
157732
272376
417273
174781
141216
347985
850713
159696
488449
375799
33983
380471
27718
537307
592931
158426
631211
574494
765293
662246
325929
482343
771440
95471
854119
135269
550549
447775
918514
269561
131782
869031
729885
839603
783818
747616
889313
835491
820167
960631
49977
722659
695262
899000
51946
753215
606228
267565
707157
435505
592455
485141
5279
388122
296918
559203
286360
675145
503492
212604
538786
173458
181701
233711
626372
830740
113184
305454
833377
623074
897281
399786
763554
512592
824865
808910
145724
574721
433384
471129
955699
539996
696599
152177
922171
546615
400830
973434
137726
156476
125426
925223
144098
503716
457456
561133
227491
87819
227016
436982
458727
940304
29019
663404
464073
281355
553996
713865
338002
245951
215352
806696
709761
533195
638829
21009
907468
134750
401529
32472
366103
501109
330017
827454
879415
909613
955634
474767
359166
947964
960918
358588
597518
440639
979688
303109
846744
945052
882937
716115
623125
904853
529616
801557
257715
828582
316887
340502
255045
451163
923781
239988
90099
799417
370642
297633
850651
241847
982866
910400
710326
617785
552311
547154
250888
743007
841608
866007
882639
486292
782622
400867
522498
515857
209161
315115
635362
896152
630865
491869
237383
370328
681344
2129
778294
403428
654250
482203
981645
347474
135639
964555
994850
409572
541430
729246
754944
299828
315051
401257
26430
835924
725392
531880
860297
330241
329397
577294
838447
757279
920279
143192
980975
671952
27363
894555
966295
636079
281008
581698
999431
124989
176760
620912
25367
804590
759445
404959
12347
185620
957898
299854
217025
823835
436589
974637
854247
372803
487618
81150
770001
855495
539391
118005
103201
99995
196602
938410
771348
491685
232758
188603
350071
200721
492666
852056
36988
371502
651870
816622
742880
916323
201885
818569
685762
652793
564006
445545
152661
145193
82457
148240
602
995848
678881
155149
262288
102925
919024
706483
806420
319391
437637
712943
841576
700023
693103
794943
976914
200296
592427
142373
425224
907174
86492
646908
252685
187387
812751
971299
534644
791242
21331
681474
779169
249946
846289
499987
146541
184855
512416
159499
360096
484976
684359
700576
161746
283097
262506
844366
444796
901928
744056
367933
865483
215970
45040
201182
946567
264218
805540
942407
950061
944589
800556
534866
585172
318886
43993
188596
88650
83219
35892
93503
10802
51857
856074
316216
683856
296866
425886
274292
91861
292761
105428
585197
333857
907545
206440
936193
172349
725239
992526
679949
645088
950717
395621
231221
243981
515491
849199
343062
785363
614158
290194
435332
635475
339034
185489
243913
658620
44223
963426
201389
606543
565072
901237
431513
853870
341612
860583
62464
515576
556624
106718
12810
709593
840536
461993
712340
127416
231468
404307
637336
777914
489684
815188
851268
168242
144350
611848
865456
305664
248171
942974
689551
396836
21916
501593
651299
616342
821246
44562
893273
401242
946799
722038
272876
788177
818980
728547
279367
276557
526988
771517
18309
715844
29889
511320
298588
492023
989455
938344
450934
289537
696016
348453
599941
997687
963389
607661
703054
718231
785528
947986
631198
860220
648470
735784
299142
508970
351420
451225
603849
457865
906049
306760
312784
266869
860545
683814
30137
282426
243017
678766
87408
295328
354691
499345
346187
48845
880216
875318
325490
893704
979854
901933
953228
730531
254166
478332
204189
146766
781938
545764
79292
399432
795731
400877
215069
404785
325242
947194
902537
24185
760891
518439
123343
279283
212205
714700
968022
845136
481958
228246
451626
566823
974256
268319
521597
522063
296095
446971
700753
656447
98225
319322
839402
593963
183250
339741
364184
113050
447532
314129
511798
999531
48819
472987
472152
34236
757803
812399
943875
384535
857291
928916
867944
80348
778053
631271
804816
212985
810689
479232
446778
705897
945590
970400
577799
129975
464724
392609
472908
626285
809153
828369
36243
971177
6281
367384
385268
83520
197342
18867
545004
873506
771451
607807
428579
469345
926308
753384
306632
935648
360450
244803
511239
516986
138975
706733
778025
746499
393590
786615
785117
201338
412501
182001
805815
876221
980683
444795
57809
534274
461727
30207
585992
137772
64343
52481
723990
8162
646830
748601
38479
168428
976327
627858
895620
463877
854913
475984
463761
220961
769287
590402
52192
883864
22153
283650
404315
96639
375965
307752
834943
174211
206748
283581
854235
96326
192899
440978
644508
590105
181193
613639
476096
771314
861220
744092
347742
995558
74600
823514
540679
344627
251273
439174
454473
858064
419964
813464
73867
154822
744129
312663
622328
281122
453490
778803
569545
307293
62582
559864
463706
122885
646948
670271
862772
518383
257388
576302
295393
521299
569406
716970
161528
121763
955948
937572
34368
987840
751448
755736
8710
669564
523589
530257
227114
568345
467054
67889
825427
548420
738906
558167
194424
62307
501966
565112
245954
800005
990851
683467
478935
348118
267196
331675
662044
225487
317292
834144
478111
193878
924321
745902
866773
681141
235933
527591
567642
745880
197146
347485
477671
596772
44025
428426
610367
569918
328239
1945
813301
807206
399058
666918
482895
634362
687433
930446
684066
165776
612216
199090
502840
441633
364744
518410
758779
359514
729020
856890
275136
652326
86650
192490
733755
472623
360003
759355
827829
968835
314550
307908
494012
501239
14958
857169
589337
32972
597934
166996
424612
229703
694341
69479
776146
193026
941690
875620
823183
304861
546562
260008
425707
82144
292623
942422
961425
920915
379221
477695
931721
86980
120065
185996
991988
731685
575577
325890
769376
954214
485516
653446
916422
693141
944024
367166
839951
852321
595983
216023
689630
123618
514669
375428
360368
363067
572797
274630
151844
830842
126481
418944
71759
540983
960793
755069
22174
596572
474998
890865
396274
566521
592026
156534
143383
767537
805996
41524
706175
354220
711749
426294
352991
422909
603331
226604
409066
623461
818643
980030
318586
311544
760436
715505
160432
659891
330700
310283
497990
234448
701827
800523
817575
407644
162474
906699
479161
770292
715082
604305
929180
912979
744794
683585
764483
391293
417078
364140
194021
727230
83004
579481
648152
638717
305094
242346
574010
127572
286902
930021
495651
910912
476208
785870
940185
131135
909052
132987
249549
895383
831007
435016
622812
779588
961236
235973
563354
841502
606254
439402
600550
948521
729444
826921
499333
802074
133797
200811
340354
635410
524062
734903
909838
580959
63314
278054
347591
151878
923843
112762
287058
367457
379173
565294
667059
444094
381461
872068
503810
673035
694828
496117
758682
152132
3594
481527
16493
589954
929277
997873
403456
517328
277546
354244
548912
100892
710935
308726
208748
825134
278965
519944
476162
563528
112946
489779
97272
46459
730763
961077
434900
555777
839233
723722
27607
136722
946851
315262
275642
306455
184255
979932
484186
542502
75611
864958
21327
260539
702777
114285
159963
836726
549813
427603
663869
613916
925864
606850
44563
844707
128550
67470
210314
34170
873483
622199
771767
329237
865165
266719
819282
71993
832625
274547
368124
466889
387383
140927
77200
120286
782731
429369
265174
724485
997777
21197
757829
905767
299051
945833
657641
16422
665540
89810
476335
620186
862163
903343
366458
870408
568403
139947
81104
998129
943692
248232
222833
404694
483961
86774
374383
302663
662692
694384
962072
948754
683788
363960
704600
442978
321747
866947
842450
273498
698989
646160
649594
304720
927396
42359
275185
624435
787694
361504
876466
132983
907693
989146
225869
697903
663533
832501
234632
223306
216376
370547
74989
199872
788114
675455
342960
719559
693888
678993
638181
492923
66351
472362
95245
806941
158968
901602
94034
267645
242996
455694
660517
3452
259945
825486
726271
770634
113817
707554
472590
407167
774720
68814
170898
483082
600652
691185
72689
848640
196693
764272
755342
370418
508583
948209
868440
616611
532685
197549
382842
931532
607606
580246
706206
351829
207486
832482
524543
161540
340962
214068
538197
755954
627243
286322
303816
378347
59554
507376
171963
738170
752517
341439
574395
86696
681104
758973
534410
595773
343
66676
398826
37924
303084
367358
361076
220630
543577
48094
706709
984438
417932
615691
283392
93993
229451
573365
887947
164491
621540
347200
178776
428625
146564
953426
46601
447816
959424
330776
240166
57645
518247
428325
130634
829335
682308
933392
523306
438028
376178
472031
531826
757028
976759
850981
15833
305621
862451
143358
128392
757498
437167
322428
156400
734675
353416
143105
919201
299564
820362
316677
563197
421882
901387
152193
420624
21449
327652
923317
968959
557244
77950
570612
779128
597397
427696
797036
99367
512129
720997
438880
461405
560779
665500
232140
788463
579118
654483
989398
215778
538058
229952
246789
289212
210375
178641
77085
764015
69853
572809
70160
62946
352793
351766
669051
957825
473058
749859
186312
941847
473388
158099
226994
670807
340732
757146
913696
758481
322403
806060
159698
48189
391736
528496
415694
279862
181039
41698
167193
86992
603213
436101
552120
860718
229154
334723
116637
395611
856445
715606
404212
567935
872909
394175
51913
411554
520272
871687
159273
435877
942021
416347
13148
641221
388859
933523
929803
692169
589551
711325
508542
465407
802758
868228
488260
921836
198077
959091
994363
965322
462844
716204
189642
946187
307216
28905
658704
887257
985064
257530
315665
9937
105742
141959
535255
386323
263910
134690
319547
935105
483698
86928
531068
95573
595090
303190
184177
411674
347722
186231
474573
651504
26050
94623
401546
421764
825309
952401
407490
584130
422265
298999
161576
593063
929561
551957
834966
746839
217242
140332
164642
533679
913507
66910
870422
625445
323177
366050
218814
34523
905891
405461
370251
260481
941094
643934
768045
122953
776336
880545
961487
153170
391989
581284
514122
815240
235133
105252
352630
344522
798911
657133
611598
299115
234132
82054
297017
604913
707784
581664
542648
120139
506346
569991
782227
547926
554966
701263
80092
50919
829196
411211
692627
267643
519406
301373
657360
186608
363544
738721
810101
352028
898612
754539
266627
45299
934232
216686
97279
472280
521932
178844
907550
323909
536197
813998
883562
625246
734704
40699
646974
586239
354423
399518
792667
590949
337912
824589
511174
526053
144801
848876
761666
695632
367276
6383
642408
174168
412908
170862
164801
898161
169237
151321
446894
601596
215380
368952
932794
586090
85252
409497
323958
172100
988774
40283
886412
431034
707152
344133
8980
26877
429455
41169
26044
732691
800933
502690
662422
743232
576266
846278
723196
990561
610614
683363
770503
412094
539249
471033
775478
934387
487073
898620
782938
929975
620319
500516
525884
563983
557198
299811
195106
149988
212264
852350
331305
161175
155604
771036
620488
45870
182133
601401
941458
392686
719143
969507
146305
123067
570954
983884
899805
480057
582163
879029
675545
628983
132806
853196
2647
468662
429679
8646
531722
475041
360298
669960
887495
447911
998069
643671
946031
828904
405847
641148
195261
140235
295973
230359
939522
33389
528241
275838
680270
681273
358199
110742
200190
120056
733437
583637
183397
230408
686547
801268
774382
199155
20919
726668
300643
102699
53349
759655
798630
212070
666668
825884
273053
829648
696550
260967
991347
93880
503917
659638
899123
152497
863140
512435
679572
195081
279971
340985
679539
138764
116753
836484
900660
569455
25773
584677
990181
784397
705360
719482
192798
241296
300246
389552
145767
865357
572651
760170
85211
363434
937489
175779
36057
934348
274693
423747
422841
261906
366084
811470
124315
301490
398502
549863
458455
711372
175684
578480
402071
859110
82759
628686
641429
52743
997140
877613
606903
6415
59174
36626
431113
379877
201964
491748
825095
824271
174734
18717
460210
317514
127924
134492
205758
187593
398587
575556
810032
609667
889787
439073
70522
565207
147586
574420
264705
543827
769940
336648
509781
842960
552530
119557
445382
273249
889379
979605
36646
566886
704392
374028
525683
842246
893442
646501
873793
364453
431896
19338
49067
959496
110277
385890
681650
795773
793205
925893
81456
718338
388957
825538
627278
594262
727840
267296
650900
206700
156715
44258
186820
689951
344123
736465
64398
868778
692188
969001
929754
769360
289860
22503
709045
299015
833388
466415
923831
362460
842012
492913
679320
200332
248997
231352
402430
644723
98599
908317
84543
168486
200132
632124
362138
522907
124545
99665
680398
320459
129375
57377
560064
82060
174568
943322
203308
714791
872856
582820
66180
625092
652155
594865
285810
55447
241710
565891
263063
354066
688471
540706
269620
686810
668861
305427
964590
761866
711166
462353
643427
54024
828845
910517
833625
670062
601082
732273
818648
106119
29952
386604
581725
837294
117283
311509
927649
311644
519597
358554
518256
374296
275177
18159
453682
917523
990503
24760
316248
995287
828599
285518
835437
939551
808719
566987
314066
527572
347776
794521
421746
156243
219175
499574
594709
306070
760036
997706
689986
758957
106737
588160
893042
435684
287575
56652
867257
272786
208649
524793
768086
463151
277891
598580
55261
374583
736629
543558
159882
230849
227689
234045
682892
597812
866513
400649
942881
280509
909702
412418
369061
358453
310096