343801
435582
980164
367206
935865
273731
180781
169837
154811
230837
818396
335112
305439
431117
84744
848854
318030
664036
41495
972254
496439
978406
130072
629477
91468
296271
917891
585609
246908
251044
396252
910154
516362
354263
797110
675479
280022
169099
103341
295066
5386
594358
884095
801398
33736
227624
442085
834245
51242
268464
216333
818958
429678
128455
612645
397493
189835
95185
567954
308856
306622
977848
943435
736329
925360
411561
786966
904787
104350
482277
567919
562433
940260
407910
354791
858077
8971
953595
771823
309959
385965
143807
532269
969845
656960
382065
617069
475480
954725
249353
317060
255324
603884
244100
296658
545986
599967
299284
457238
471994
300633
828247
628494
780219
161446
480527
201729
860620
741476
978037
928472
153971
497916
538961
607242
301568
631538
615960
354754
839898
808984
745107
395487
117090
485186
804925
337490
258988
266047
920629
24093
290735
452403
676440
285789
361334
504527
993763
282992
758578
473955
641519
571802
26206
972206
254842
132997
886164
346739
434989
537649
451370
62371
345999
17304
295092
335329
503385
363269
733417
530575
368807
590465
473751
692067
303200
228609
147073
756116
18094
548550
839007
224711
598497
61522
229980
913689
652680
294813
77880
68427
227216
395879
74497
849843
837683
189431
862459
689078
399543
798293
878826
373103
847949
466175
757922
167282
956979
815168
174934
815085
129892
887797
284083
138350
665729
100034
622973
621008
951596
784134
583754
707088
314575
784925
636958
892757
464064
266585
209322
665694
991373
104943
363054
127242
154786
36900
121860
640816
209028
983887
164799
294502
327075
298351
964261
146417
866782
113252
842844
110849
735075
724705
938881
23964
107412
610183
721868
259464
162428
99706
999667
309834
77378
614384
360726
48378
885803
861956
586635
348659
430950
141485
884532
585134
177575
331137
923812
123948
105856
725843
141992
406756
476415
623924
903885
607022
51631
338671
309974
375532
316574
603189
927899
935601
633675
105596
302926
600622
753694
899523
819184
508914
287766
586983
250393
428707
725249
518657
17989
996088
108504
88301
716527
460609
767812
590750
743450
301056
38072
820820
172000
65602
419030
28727
252025
52304
669233
559237
735376
334697
345264
661812
849290
812741
200716
823500
716796
790599
663252
504545
358122
153937
110236
901544
643780
387186
493562
842655
927175
547941
401562
985731
987408
406774
231652
447736
304480
230583
628136
589088
586422
994957
119120
881491
899152
645580
935019
92194
674155
804064
558585
268074
304805
782055
87099
664031
660691
717068
475265
307492
530857
730185
751700
97115
782351
489313
257748
760294
114487
733881
817465
947674
394020
493618
662620
284571
661589
220372
297975
960162
10255
655060
217741
761056
202536
666886
794194
525952
209636
504749
648592
630221
296546
839319
623999
167472
794377
413047
528828
94225
521396
566503
300398
232755
900297
181371
290587
813939
238546
831213
448172
116293
118430
718606
541703
974843
623501
234692
493705
540699
301319
149900
609106
604916
523849
454721
540725
369916
753016
453800
933459
390952
991845
511525
646530
187024
109856
285997
456174
420849
699022
300773
269301
789055
73183
159619
186840
672953
752614
118595
682374
937098
427560
852527
536089
208706
956757
634289
847864
30940
46214
263318
137631
319229
379698
894356
451987
279807
892288
632655
859461
592967
60415
97748
253879
791632
34100
172430
712417
116658
500063
743617
261324
836812
245056
854216
2495
578247
476597